7.747116383152250307e+01
9.383640881930303124e+01
7.646369902617155390e+01
7.140984592876711190e+01
7.409281956374698552e+01
7.153298859420183931e+01
9.596656584714500582e+01
8.404508848248673303e+01
8.950486025634863552e+01
9.514027988261625524e+01
8.068816167140585094e+01
9.076216211180943105e+01
7.083969086609089061e+01
8.873591547480017994e+01
9.348960031856189801e+01
8.047780522752576360e+01
8.834517822970445877e+01
8.753004688915743259e+01
9.868143845783460222e+01
8.433279934617831941e+01
